2
100
0.689	0.822
0.616	0.72
0.616	0.691
0.902	0.154
0.033	0.996
0.662	0.321
0.285	0.205
0.991	0.439
0.214	0.287
0.481	0.227
0.164	0.71
0.228	0.904
0.98	0.445
0.824	0.188
0.005	0.958
0.363	0.298
0.082	0.22
0.44	0.953
0.556	0.698
0.147	0.372
0.271	0.362
0.079	0.273
0.569	0.68
0.329	0.876
0.295	0.622
0.492	0.898
0.792	0.655
0.66	0.559
0.905	0.748
0.428	0.578
0.976	0.371
0.889	0.172
0.851	0.492
0.638	0.062
0.872	0.58
0.767	0.465
0.883	0.603
0.871	0.101
0.228	0.031
0.043	0.187
0.751	0.832
0.878	0.444
0.795	0.474
0.468	0.089
0.205	0.927
0.408	0.842
0.323	0.659
0.791	0.921
0.994	0.64
0.211	0.045
0.562	0.337
0.762	0.433
0.87	0.72
0.038	0.803
0.262	0.257
0.132	0.374
0.582	0.917
0.638	0.865
0.173	0.168
0.65	0.495
0.879	0.981
0.762	0.982
0.045	0.822
0.067	0.545
0.513	0.662
0.159	0.904
0.628	0.969
0.132	0.275
0.232	0.711
0.58	0.38
0.671	0.357
0.596	0.435
0.788	0.877
0.774	0.161
0.926	0.738
0.208	0.775
0.929	0.909
0.492	0.997
0.141	0.861
0.719	0.044
0.407	0.56
0.483	0.637
0.068	0.476
0.878	0.993
0.97	0.577
0.497	0.832
0.455	0.333
0.435	0.372
0.369	0.711
0.285	0.332
0.054	0.182
0.141	0.93
0.354	0.713
0.596	0.886
0.613	0.774
0.745	0.418
0.675	0.332
0.181	0.245
0.883	0.857
0.998	0.586
1
1
1
1
0
0
0
1
0
0
0
0
1
1
0
0
0
0
0
0
0
0
0
0
0
0
1
1
1
0
1
1
1
0
1
1
1
1
0
0
1
1
1
0
0
0
0
1
1
0
0
1
1
0
0
0
1
1
0
1
1
1
0
0
0
0
1
0
0
0
1
0
1
1
1
0
1
0
0
0
0
0
0
1
1
0
0
0
0
0
0
0
0
1
1
1
0
0
1
1
0

